Solution: 195 303113

0, 334, 268, 976, 312, 
0, 99, 802, 18, 496, 693, 
0, 188, 787, 97, 76, 453, 
0, 241, 629, 455, 129, 945, 
0, 454, 328, 630, 476, 575, 91, 
0, 478, 33, 497, 986, 462, 260, 
0, 598, 869, 904, 780, 415, 638, 
0, 954, 68, 782, 442, 414, 557, 
0, 905, 679, 979, 338, 411, 
0, 958, 357, 412, 435, 488, 
0, 553, 833, 73, 984, 
0, 887, 257, 712, 207, 556, 704, 
0, 889, 333, 443, 464, 604, 
0, 923, 602, 720, 61, 
0, 873, 448, 281, 34, 581, 
0, 314, 345, 542, 574, 313, 
0, 178, 363, 451, 481, 
0, 881, 799, 238, 267, 275, 
0, 417, 648, 959, 962, 789, 173, 
0, 457, 468, 432, 965, 56, 533, 
0, 650, 1, 677, 85, 
0, 121, 358, 254, 505, 179, 
0, 223, 399, 15, 359, 217, 654, 
0, 700, 993, 837, 248, 
0, 578, 836, 624, 176, 522, 
0, 480, 912, 573, 728, 123, 
0, 983, 83, 734, 335, 321, 
0, 162, 642, 470, 692, 211, 
0, 973, 835, 880, 169, 234, 
0, 229, 458, 658, 486, 307, 
0, 45, 786, 55, 935, 771, 
0, 109, 756, 168, 461, 331, 23, 
0, 491, 687, 682, 384, 850, 
0, 250, 662, 961, 369, 747, 509, 
0, 798, 142, 927, 875, 106, 114, 
0, 513, 661, 130, 58, 559, 49, 
0, 915, 354, 280, 514, 177, 
0, 788, 741, 689, 990, 625, 558, 
0, 710, 270, 154, 
0, 579, 293, 916, 852, 769, 626, 
0, 172, 288, 812, 839, 193, 
0, 956, 189, 901, 362, 620, 
0, 167, 603, 416, 685, 
0, 846, 525, 845, 64, 381, 239, 
0, 902, 159, 294, 909, 882, 
0, 974, 807, 791, 551, 
0, 382, 622, 87, 158, 
0, 449, 576, 896, 336, 377, 
0, 725, 567, 831, 348, 186, 
0, 147, 548, 666, 883, 546, 
0, 431, 913, 262, 606, 656, 
0, 194, 472, 535, 353, 504, 
0, 296, 246, 212, 964, 390, 888, 
0, 538, 900, 726, 300, 868, 235, 
0, 560, 200, 135, 716, 564, 653, 
0, 723, 299, 731, 708, 781, 126, 
0, 611, 187, 466, 605, 792, 714, 
0, 96, 742, 592, 713, 867, 
0, 228, 776, 809, 469, 590, 
0, 493, 803, 784, 483, 47, 
0, 6, 600, 221, 424, 75, 
0, 729, 42, 365, 318, 237, 722, 
0, 332, 433, 124, 842, 597, 646, 
0, 107, 541, 236, 372, 438, 
0, 706, 115, 2, 8, 
0, 521, 940, 853, 398, 528, 587, 
0, 764, 865, 577, 584, 834, 
0, 37, 26, 258, 59, 199, 
0, 409, 585, 627, 907, 41, 54, 
0, 919, 116, 800, 702, 92, 
0, 772, 428, 761, 806, 502, 136, 
0, 732, 672, 450, 580, 175, 
0, 351, 119, 460, 206, 
0, 943, 337, 870, 264, 670, 895, 
0, 277, 373, 939, 95, 613, 
0, 519, 671, 84, 151, 
0, 297, 899, 825, 340, 
0, 950, 951, 911, 563, 537, 310, 
0, 526, 395, 376, 944, 153, 
0, 196, 370, 849, 969, 826, 
0, 429, 721, 361, 393, 
0, 499, 146, 36, 208, 668, 
0, 649, 52, 999, 98, 301, 
0, 794, 22, 232, 50, 9, 848, 
0, 952, 392, 607, 866, 966, 216, 
0, 903, 197, 215, 148, 508, 
0, 645, 816, 683, 401, 385, 
0, 549, 859, 596, 796, 230, 
0, 872, 174, 955, 394, 421, 
0, 165, 925, 320, 30, 156, 
0, 5, 70, 665, 103, 350, 938, 
0, 643, 893, 79, 511, 856, 
0, 456, 302, 762, 24, 586, 145, 
0, 141, 711, 94, 437, 550, 
0, 407, 520, 305, 545, 
0, 82, 344, 403, 316, 86, 
0, 813, 982, 686, 695, 
0, 81, 364, 150, 222, 
0, 898, 379, 884, 998, 703, 857, 
0, 968, 20, 890, 489, 840, 814, 
0, 717, 304, 180, 387, 795, 
0, 736, 164, 327, 413, 171, 485, 
0, 405, 356, 844, 163, 871, 
0, 797, 501, 256, 773, 192, 552, 
0, 688, 253, 752, 808, 874, 774, 
0, 210, 298, 423, 367, 691, 
0, 498, 591, 705, 922, 701, 753, 
0, 547, 608, 447, 655, 696, 824, 
0, 80, 203, 763, 963, 636, 
0, 102, 282, 698, 610, 77, 
0, 65, 430, 988, 571, 101, 
0, 843, 477, 418, 920, 
0, 737, 918, 389, 131, 
0, 315, 818, 182, 388, 38, 
0, 378, 623, 991, 40, 877, 
0, 930, 251, 396, 
0, 112, 195, 838, 757, 471, 
0, 218, 440, 349, 419, 676, 
0, 383, 271, 518, 926, 295, 
0, 324, 678, 681, 202, 272, 
0, 633, 303, 971, 247, 594, 322, 
0, 997, 273, 446, 63, 479, 391, 
0, 817, 861, 854, 949, 60, 
0, 860, 765, 929, 779, 989, 
0, 755, 801, 507, 35, 89, 
0, 244, 285, 342, 766, 161, 
0, 933, 120, 777, 894, 981, 
0, 46, 980, 487, 90, 160, 
0, 632, 690, 941, 570, 404, 947, 
0, 827, 503, 266, 539, 
0, 13, 108, 155, 441, 719, 
0, 111, 615, 434, 740, 583, 
0, 534, 408, 664, 110, 931, 
0, 609, 932, 380, 292, 205, 759, 259, 
0, 697, 490, 306, 667, 263, 
0, 17, 758, 523, 494, 886, 967, 
0, 290, 562, 286, 
0, 862, 113, 790, 530, 512, 132, 
0, 463, 319, 255, 291, 
0, 829, 978, 906, 51, 495, 733, 
0, 730, 71, 261, 225, 618, 
0, 31, 660, 957, 819, 977, 
0, 715, 863, 770, 427, 323, 783, 
0, 185, 355, 3, 53, 
0, 143, 820, 878, 750, 996, 
0, 400, 767, 724, 669, 830, 29, 
0, 995, 718, 420, 675, 274, 43, 
0, 879, 242, 864, 751, 326, 
0, 674, 569, 529, 10, 410, 
0, 754, 992, 220, 48, 330, 
0, 465, 746, 1000, 341, 
0, 500, 876, 994, 601, 140, 
0, 657, 975, 12, 628, 544, 
0, 459, 368, 44, 226, 
0, 743, 634, 66, 892, 346, 
0, 635, 484, 371, 16, 11, 
0, 946, 749, 375, 467, 278, 243, 
0, 473, 621, 595, 166, 
0, 227, 987, 572, 88, 778, 
0, 680, 204, 287, 233, 105, 
0, 69, 612, 157, 311, 851, 
0, 637, 289, 32, 231, 
0, 953, 821, 948, 170, 198, 27, 
0, 19, 209, 841, 510, 531, 
0, 122, 339, 425, 276, 707, 
0, 659, 527, 651, 555, 219, 
0, 347, 928, 738, 214, 785, 985, 
0, 568, 72, 589, 125, 855, 
0, 474, 14, 139, 
0, 475, 593, 4, 614, 269, 663, 
0, 640, 891, 436, 366, 444, 566, 
0, 515, 847, 823, 748, 822, 78, 
0, 279, 543, 745, 57, 308, 
0, 128, 616, 910, 386, 828, 540, 
0, 452, 152, 284, 343, 532, 908, 
0, 245, 516, 805, 149, 
0, 727, 768, 565, 426, 317, 62, 
0, 858, 213, 283, 735, 641, 25, 
0, 374, 699, 181, 914, 28, 
0, 422, 184, 684, 93, 694, 
0, 249, 397, 138, 492, 190, 
0, 402, 832, 118, 201, 360, 
0, 137, 309, 617, 74, 639, 897, 
0, 133, 506, 970, 67, 
0, 775, 439, 329, 760, 224, 
0, 554, 934, 406, 652, 815, 936, 
0, 631, 21, 134, 104, 885, 744, 
0, 7, 325, 739, 599, 352, 
0, 942, 924, 619, 517, 524, 
0, 144, 582, 673, 536, 445, 
0, 588, 39, 960, 183, 
0, 252, 117, 709, 265, 793, 561, 
0, 804, 937, 972, 191, 810, 644, 
0, 917, 921, 482, 811, 
0, 240, 647, 100, 127, 