Solution: 193 299833

0, 652, 79, 397, 114, 937, 
0, 111, 3, 332, 440, 60, 265, 
0, 47, 173, 459, 294, 420, 
0, 927, 542, 658, 842, 102, 
0, 740, 960, 353, 6, 747, 90, 
0, 595, 876, 794, 409, 217, 563, 
0, 170, 210, 419, 362, 698, 
0, 554, 940, 30, 654, 826, 481, 
0, 829, 338, 277, 101, 952, 
0, 586, 872, 916, 76, 110, 
0, 651, 53, 883, 864, 589, 
0, 395, 786, 424, 431, 933, 65, 
0, 224, 648, 739, 659, 802, 177, 
0, 368, 709, 920, 82, 863, 
0, 635, 149, 369, 893, 138, 733, 
0, 35, 20, 232, 948, 892, 
0, 824, 683, 679, 89, 291, 
0, 426, 823, 153, 361, 519, 
0, 736, 296, 607, 806, 804, 507, 
0, 902, 932, 356, 441, 307, 
0, 921, 350, 396, 156, 263, 
0, 611, 910, 94, 946, 529, 320, 
0, 958, 904, 85, 509, 171, 
0, 931, 600, 732, 64, 
0, 865, 832, 857, 741, 964, 
0, 807, 800, 763, 437, 324, 
0, 57, 120, 971, 838, 364, 188, 
0, 453, 298, 776, 977, 32, 
0, 487, 847, 180, 39, 885, 
0, 729, 811, 657, 808, 389, 9, 
0, 113, 146, 415, 672, 787, 193, 551, 
0, 540, 911, 10, 627, 226, 
0, 197, 365, 812, 624, 537, 
0, 477, 464, 837, 223, 579, 
0, 530, 73, 314, 735, 26, 
0, 558, 295, 993, 665, 717, 
0, 250, 121, 712, 386, 
0, 630, 19, 276, 990, 571, 755, 
0, 172, 122, 384, 186, 
0, 195, 329, 803, 550, 
0, 4, 322, 725, 556, 228, 
0, 394, 664, 13, 205, 27, 118, 
0, 191, 408, 801, 185, 405, 
0, 184, 313, 221, 337, 713, 
0, 867, 204, 720, 225, 596, 
0, 632, 939, 468, 862, 699, 212, 
0, 606, 662, 506, 48, 822, 
0, 78, 968, 959, 358, 36, 
0, 199, 513, 524, 168, 879, 
0, 873, 583, 626, 715, 346, 
0, 840, 979, 52, 316, 28, 745, 
0, 955, 538, 410, 767, 470, 
0, 998, 281, 
0, 87, 196, 234, 157, 
0, 647, 615, 104, 482, 
0, 521, 608, 994, 639, 859, 
0, 345, 666, 934, 214, 14, 726, 
0, 139, 973, 591, 108, 
0, 744, 117, 284, 849, 43, 
0, 115, 336, 430, 878, 330, 618, 
0, 868, 466, 714, 502, 33, 96, 
0, 512, 181, 531, 485, 585, 
0, 471, 621, 592, 200, 24, 
0, 201, 141, 693, 366, 258, 
0, 984, 884, 457, 207, 
0, 923, 929, 432, 136, 
0, 128, 203, 619, 246, 
0, 279, 46, 58, 636, 147, 967, 
0, 45, 721, 688, 676, 839, 841, 
0, 936, 249, 190, 163, 
0, 486, 31, 650, 746, 317, 526, 
0, 11, 112, 160, 310, 92, 
0, 472, 612, 162, 306, 941, 
0, 816, 278, 282, 625, 
0, 103, 269, 40, 555, 311, 
0, 962, 668, 145, 508, 460, 773, 
0, 569, 976, 587, 130, 731, 
0, 496, 266, 159, 407, 
0, 461, 769, 124, 790, 674, 
0, 467, 169, 406, 536, 669, 
0, 29, 623, 421, 753, 532, 
0, 454, 427, 633, 272, 297, 
0, 236, 37, 762, 682, 492, 
0, 754, 359, 756, 450, 347, 943, 
0, 304, 264, 848, 986, 
0, 144, 392, 192, 478, 
0, 446, 866, 593, 335, 539, 
0, 956, 72, 796, 439, 906, 982, 
0, 106, 456, 601, 2, 792, 991, 
0, 642, 12, 16, 500, 179, 
0, 510, 667, 926, 61, 706, 51, 
0, 761, 598, 898, 391, 928, 7, 
0, 176, 751, 687, 707, 799, 987, 
0, 869, 871, 576, 582, 235, 
0, 891, 564, 469, 59, 383, 183, 
0, 154, 74, 653, 752, 533, 305, 
0, 638, 704, 283, 371, 465, 416, 
0, 742, 68, 870, 174, 896, 105, 
0, 727, 851, 256, 63, 388, 
0, 953, 614, 363, 836, 143, 
0, 398, 342, 267, 718, 907, 
0, 534, 912, 505, 237, 875, 339, 
0, 243, 247, 917, 992, 155, 
0, 343, 734, 620, 438, 
0, 560, 702, 299, 231, 135, 559, 
0, 710, 270, 66, 476, 655, 
0, 695, 827, 251, 820, 881, 788, 
0, 23, 675, 819, 684, 
0, 810, 528, 474, 488, 897, 417, 
0, 495, 844, 34, 208, 567, 
0, 957, 325, 777, 334, 268, 
0, 473, 663, 913, 831, 202, 978, 
0, 900, 981, 483, 772, 349, 
0, 999, 285, 779, 340, 194, 
0, 997, 697, 983, 581, 442, 
0, 126, 814, 522, 758, 462, 602, 
0, 766, 882, 813, 886, 175, 
0, 451, 724, 686, 980, 757, 797, 
0, 995, 730, 680, 447, 525, 768, 
0, 331, 428, 213, 854, 594, 646, 
0, 622, 944, 1, 448, 344, 903, 
0, 414, 791, 54, 673, 259, 
0, 380, 399, 401, 988, 527, 
0, 590, 289, 784, 374, 404, 
0, 133, 372, 241, 333, 795, 131, 
0, 17, 209, 852, 55, 711, 764, 
0, 661, 293, 25, 22, 584, 152, 
0, 129, 828, 690, 805, 610, 
0, 77, 778, 418, 8, 355, 
0, 273, 887, 705, 161, 
0, 449, 158, 280, 370, 728, 491, 
0, 379, 445, 253, 613, 535, 
0, 151, 750, 227, 91, 165, 
0, 248, 400, 517, 300, 656, 
0, 975, 919, 573, 514, 127, 
0, 858, 649, 963, 834, 605, 
0, 230, 759, 484, 574, 
0, 549, 367, 708, 70, 323, 
0, 640, 327, 75, 107, 553, 
0, 597, 222, 271, 238, 578, 
0, 239, 570, 817, 97, 
0, 211, 187, 691, 95, 98, 701, 
0, 489, 167, 81, 575, 109, 
0, 490, 547, 411, 793, 
0, 716, 861, 523, 678, 850, 825, 
0, 150, 880, 262, 178, 874, 
0, 925, 385, 387, 604, 660, 
0, 242, 164, 290, 783, 
0, 738, 568, 696, 357, 557, 
0, 493, 360, 853, 775, 543, 
0, 504, 985, 88, 341, 382, 918, 
0, 781, 545, 789, 301, 
0, 617, 435, 671, 458, 599, 785, 
0, 645, 501, 425, 511, 71, 
0, 954, 580, 681, 480, 49, 
0, 15, 80, 719, 132, 
0, 229, 351, 315, 100, 
0, 455, 989, 572, 220, 479, 328, 
0, 189, 444, 603, 541, 905, 835, 
0, 376, 443, 244, 965, 544, 588, 
0, 125, 354, 252, 565, 219, 21, 
0, 609, 938, 377, 288, 206, 771, 
0, 275, 922, 498, 423, 499, 
0, 255, 743, 257, 700, 644, 
0, 309, 830, 972, 245, 319, 
0, 218, 412, 93, 890, 833, 84, 
0, 749, 198, 215, 429, 83, 
0, 494, 748, 723, 930, 42, 
0, 888, 286, 254, 287, 
0, 561, 515, 318, 452, 134, 908, 
0, 970, 894, 292, 381, 274, 240, 
0, 148, 843, 935, 692, 895, 
0, 137, 722, 352, 856, 703, 
0, 914, 685, 737, 780, 403, 166, 
0, 915, 634, 69, 38, 909, 
0, 969, 516, 261, 
0, 326, 390, 373, 961, 637, 
0, 393, 942, 974, 966, 216, 
0, 402, 631, 56, 945, 924, 951, 
0, 518, 18, 901, 116, 760, 
0, 562, 782, 566, 422, 312, 41, 
0, 765, 670, 50, 182, 643, 
0, 950, 689, 694, 503, 860, 
0, 86, 770, 641, 809, 845, 
0, 375, 815, 798, 44, 434, 
0, 348, 123, 821, 1000, 497, 142, 
0, 855, 996, 475, 413, 302, 
0, 321, 616, 774, 818, 308, 949, 
0, 140, 520, 67, 378, 546, 
0, 463, 629, 436, 62, 628, 
0, 552, 846, 889, 233, 5, 
0, 947, 877, 260, 677, 899, 
0, 577, 119, 99, 433, 548, 303, 