Solution: 193 298555

0, 581, 76, 25, 587, 148, 
0, 635, 941, 278, 467, 701, 
0, 182, 491, 141, 214, 478, 
0, 254, 258, 702, 669, 439, 
0, 480, 832, 890, 709, 104, 
0, 976, 769, 692, 673, 509, 
0, 79, 345, 404, 108, 364, 
0, 401, 780, 547, 546, 591, 
0, 972, 302, 854, 774, 756, 
0, 725, 92, 619, 642, 26, 
0, 737, 843, 477, 761, 504, 
0, 325, 914, 690, 723, 879, 230, 
0, 514, 582, 733, 517, 446, 
0, 917, 870, 597, 233, 798, 
0, 107, 371, 111, 805, 851, 40, 
0, 458, 818, 980, 771, 822, 604, 
0, 448, 187, 609, 605, 124, 162, 
0, 766, 815, 64, 672, 
0, 44, 116, 98, 262, 808, 564, 
0, 441, 632, 610, 965, 641, 
0, 223, 422, 792, 51, 762, 607, 
0, 206, 747, 860, 505, 906, 
0, 904, 320, 457, 440, 566, 653, 
0, 346, 785, 461, 855, 782, 
0, 812, 526, 55, 442, 763, 
0, 720, 186, 693, 327, 91, 33, 
0, 5, 599, 216, 253, 427, 190, 
0, 956, 833, 953, 754, 638, 865, 
0, 188, 415, 802, 151, 503, 
0, 608, 295, 443, 312, 
0, 749, 602, 60, 670, 887, 
0, 989, 916, 796, 15, 416, 640, 
0, 869, 922, 402, 153, 235, 
0, 385, 406, 268, 721, 654, 
0, 958, 132, 499, 849, 32, 
0, 138, 797, 210, 89, 645, 
0, 858, 657, 3, 7, 685, 
0, 471, 624, 596, 196, 27, 
0, 735, 299, 742, 656, 707, 835, 
0, 472, 615, 159, 308, 862, 
0, 150, 358, 521, 759, 340, 177, 
0, 689, 536, 768, 231, 274, 
0, 473, 337, 506, 362, 167, 
0, 743, 732, 452, 524, 507, 131, 
0, 326, 668, 726, 204, 556, 
0, 971, 939, 417, 469, 
0, 765, 540, 183, 234, 734, 
0, 335, 975, 122, 949, 155, 
0, 740, 777, 117, 4, 794, 990, 
0, 617, 435, 479, 752, 583, 
0, 378, 69, 413, 436, 483, 61, 
0, 287, 750, 688, 711, 800, 985, 
0, 493, 437, 368, 568, 265, 
0, 198, 571, 356, 164, 882, 
0, 54, 195, 282, 376, 344, 772, 
0, 563, 418, 85, 305, 
0, 961, 661, 962, 830, 199, 
0, 20, 942, 554, 30, 896, 542, 
0, 891, 513, 263, 533, 
0, 501, 475, 80, 842, 96, 
0, 126, 648, 738, 300, 793, 
0, 97, 767, 169, 881, 334, 213, 
0, 639, 288, 114, 301, 
0, 94, 786, 128, 57, 710, 48, 
0, 508, 883, 264, 970, 260, 
0, 871, 600, 208, 946, 306, 393, 
0, 594, 291, 926, 550, 497, 
0, 828, 775, 977, 244, 
0, 729, 577, 280, 745, 82, 
0, 207, 298, 876, 369, 700, 
0, 394, 944, 974, 877, 180, 
0, 310, 686, 133, 200, 269, 
0, 143, 713, 836, 73, 453, 
0, 174, 684, 678, 531, 307, 
0, 218, 243, 969, 391, 
0, 708, 247, 88, 232, 
0, 894, 589, 935, 318, 158, 
0, 551, 166, 889, 173, 481, 
0, 620, 2, 470, 852, 834, 
0, 959, 329, 776, 144, 811, 539, 
0, 705, 813, 655, 500, 861, 
0, 311, 829, 184, 389, 544, 
0, 494, 886, 292, 350, 293, 
0, 352, 790, 567, 428, 314, 
0, 360, 62, 993, 229, 
0, 492, 592, 719, 349, 409, 
0, 994, 140, 423, 778, 652, 490, 
0, 621, 853, 488, 629, 
0, 741, 1, 83, 221, 646, 
0, 779, 315, 215, 47, 211, 
0, 561, 303, 19, 847, 885, 788, 181, 
0, 598, 880, 359, 16, 795, 410, 
0, 348, 665, 938, 272, 237, 580, 
0, 682, 991, 819, 90, 
0, 840, 366, 913, 395, 
0, 495, 651, 296, 787, 313, 
0, 934, 680, 529, 36, 703, 
0, 165, 202, 331, 101, 351, 945, 
0, 241, 283, 118, 950, 895, 
0, 864, 179, 414, 87, 893, 588, 
0, 63, 874, 172, 383, 898, 
0, 872, 374, 86, 171, 907, 
0, 697, 826, 248, 226, 821, 324, 
0, 289, 712, 718, 284, 
0, 432, 923, 149, 205, 909, 
0, 105, 192, 850, 372, 361, 
0, 823, 982, 392, 606, 658, 
0, 748, 354, 431, 791, 548, 
0, 384, 625, 450, 252, 251, 
0, 552, 846, 892, 170, 859, 
0, 731, 286, 900, 468, 930, 10, 704, 
0, 915, 39, 367, 316, 630, 220, 
0, 633, 22, 134, 595, 102, 321, 
0, 270, 555, 751, 825, 
0, 578, 848, 627, 41, 222, 
0, 486, 817, 799, 178, 46, 
0, 650, 50, 999, 95, 560, 
0, 957, 43, 522, 677, 273, 
0, 484, 339, 261, 676, 901, 
0, 884, 267, 156, 
0, 168, 603, 426, 694, 897, 
0, 400, 662, 343, 388, 920, 535, 
0, 212, 419, 806, 429, 197, 
0, 634, 699, 53, 572, 927, 952, 
0, 803, 543, 986, 338, 525, 
0, 77, 465, 837, 519, 954, 
0, 42, 875, 576, 585, 601, 103, 
0, 454, 753, 698, 716, 58, 489, 
0, 902, 801, 943, 142, 387, 
0, 570, 70, 590, 123, 28, 
0, 146, 545, 671, 17, 12, 
0, 562, 781, 357, 512, 9, 936, 
0, 405, 966, 809, 807, 728, 
0, 380, 626, 81, 11, 784, 
0, 973, 194, 612, 161, 332, 
0, 929, 115, 135, 730, 129, 
0, 451, 228, 255, 49, 411, 
0, 420, 649, 964, 967, 804, 175, 
0, 341, 425, 398, 275, 239, 
0, 147, 6, 249, 219, 498, 137, 
0, 403, 947, 573, 399, 534, 824, 
0, 459, 34, 433, 176, 960, 527, 
0, 614, 696, 381, 998, 717, 868, 
0, 109, 816, 660, 502, 45, 75, 
0, 695, 714, 373, 259, 
0, 987, 279, 285, 328, 
0, 516, 21, 903, 110, 93, 616, 
0, 856, 996, 474, 421, 160, 
0, 940, 145, 937, 866, 593, 727, 
0, 191, 336, 444, 434, 74, 
0, 878, 515, 304, 541, 
0, 78, 449, 201, 622, 613, 
0, 955, 663, 921, 565, 24, 
0, 330, 397, 379, 8, 323, 
0, 224, 739, 240, 744, 319, 257, 
0, 997, 271, 476, 584, 447, 
0, 746, 121, 277, 988, 99, 65, 
0, 238, 510, 523, 152, 37, 
0, 951, 691, 377, 466, 396, 112, 
0, 276, 163, 120, 217, 557, 
0, 193, 370, 814, 628, 558, 
0, 963, 618, 773, 309, 888, 
0, 532, 912, 236, 482, 
0, 463, 355, 789, 317, 
0, 119, 644, 14, 67, 424, 
0, 538, 365, 757, 462, 35, 910, 
0, 637, 755, 918, 29, 342, 995, 
0, 978, 911, 13, 924, 412, 
0, 68, 106, 157, 623, 84, 
0, 18, 72, 722, 125, 
0, 225, 659, 294, 386, 
0, 430, 760, 537, 575, 136, 
0, 407, 666, 586, 933, 38, 715, 
0, 246, 245, 139, 485, 189, 764, 
0, 559, 297, 992, 664, 530, 
0, 496, 979, 820, 185, 
0, 375, 679, 683, 227, 
0, 242, 569, 724, 52, 841, 
0, 681, 687, 438, 353, 932, 
0, 281, 528, 250, 347, 758, 553, 
0, 925, 831, 518, 487, 899, 867, 
0, 31, 520, 857, 968, 905, 981, 
0, 810, 674, 23, 863, 322, 
0, 983, 736, 1000, 675, 839, 919, 
0, 611, 382, 290, 203, 770, 256, 
0, 647, 113, 643, 464, 667, 
0, 100, 460, 66, 408, 154, 
0, 333, 636, 455, 56, 266, 
0, 456, 948, 363, 71, 984, 
0, 838, 827, 574, 511, 59, 
0, 928, 390, 706, 127, 631, 
0, 130, 931, 844, 445, 209, 
0, 579, 549, 783, 873, 908, 845, 