Solution: 195 301051

0, 920, 629, 479, 570, 436, 
0, 488, 640, 637, 738, 90, 
0, 698, 803, 651, 462, 227, 
0, 106, 454, 73, 408, 12, 356, 
0, 655, 14, 627, 507, 29, 
0, 707, 267, 67, 475, 650, 
0, 124, 353, 247, 214, 598, 347, 
0, 545, 291, 438, 754, 581, 
0, 403, 572, 834, 344, 508, 
0, 850, 533, 472, 938, 109, 383, 
0, 178, 606, 792, 161, 641, 
0, 564, 840, 992, 661, 713, 
0, 451, 809, 276, 223, 423, 
0, 217, 624, 781, 54, 303, 391, 
0, 956, 330, 897, 393, 439, 
0, 172, 167, 676, 538, 305, 
0, 557, 838, 885, 168, 902, 
0, 971, 349, 274, 988, 105, 891, 
0, 18, 81, 129, 260, 860, 
0, 453, 987, 397, 541, 843, 815, 
0, 934, 300, 945, 394, 
0, 449, 46, 362, 313, 728, 229, 
0, 377, 889, 290, 93, 853, 
0, 266, 677, 794, 530, 187, 
0, 222, 395, 946, 192, 
0, 140, 548, 734, 652, 700, 825, 
0, 285, 371, 888, 404, 491, 
0, 127, 768, 263, 516, 524, 
0, 723, 600, 282, 396, 159, 
0, 910, 361, 70, 455, 107, 858, 
0, 346, 122, 277, 10, 156, 
0, 495, 812, 150, 224, 
0, 100, 743, 685, 704, 790, 
0, 521, 791, 501, 513, 72, 
0, 742, 602, 215, 903, 216, 
0, 48, 687, 135, 265, 
0, 761, 136, 593, 108, 
0, 117, 518, 261, 264, 
0, 497, 250, 292, 777, 426, 
0, 88, 461, 827, 335, 126, 
0, 829, 525, 849, 732, 899, 
0, 464, 981, 764, 209, 478, 
0, 374, 352, 517, 571, 532, 542, 
0, 308, 820, 973, 846, 27, 
0, 847, 996, 473, 419, 674, 
0, 471, 658, 959, 387, 179, 40, 
0, 101, 293, 841, 760, 467, 
0, 7, 599, 211, 648, 547, 939, 
0, 958, 340, 603, 113, 725, 
0, 410, 740, 845, 852, 359, 693, 
0, 452, 635, 32, 859, 871, 
0, 504, 474, 493, 833, 898, 
0, 398, 659, 338, 771, 411, 162, 
0, 802, 336, 710, 705, 286, 
0, 199, 366, 805, 626, 563, 
0, 443, 935, 378, 287, 196, 254, 
0, 739, 835, 424, 194, 
0, 924, 746, 972, 828, 457, 765, 
0, 78, 922, 388, 82, 881, 
0, 644, 616, 416, 832, 797, 567, 
0, 355, 982, 584, 390, 654, 
0, 957, 322, 867, 146, 887, 
0, 954, 823, 950, 585, 775, 42, 
0, 476, 787, 440, 966, 634, 
0, 87, 444, 977, 36, 307, 
0, 769, 933, 226, 270, 
0, 115, 543, 415, 690, 890, 
0, 125, 807, 569, 23, 511, 134, 
0, 579, 980, 595, 331, 901, 837, 
0, 401, 757, 718, 198, 561, 139, 
0, 960, 779, 237, 737, 316, 
0, 944, 929, 363, 442, 201, 
0, 271, 369, 942, 37, 95, 697, 
0, 232, 673, 715, 1000, 498, 
0, 908, 299, 430, 796, 610, 
0, 469, 623, 594, 212, 
0, 2, 639, 324, 321, 896, 
0, 884, 235, 866, 157, 
0, 181, 164, 868, 76, 421, 
0, 870, 586, 798, 720, 255, 
0, 245, 120, 998, 389, 
0, 166, 121, 5, 783, 990, 
0, 370, 706, 826, 84, 448, 
0, 284, 999, 102, 297, 
0, 33, 26, 252, 52, 412, 788, 
0, 446, 762, 170, 414, 562, 
0, 895, 617, 766, 483, 66, 
0, 470, 612, 158, 306, 854, 
0, 69, 576, 68, 379, 231, 
0, 418, 445, 894, 468, 886, 588, 
0, 435, 358, 38, 132, 
0, 729, 295, 460, 605, 786, 128, 
0, 646, 568, 432, 810, 59, 
0, 741, 692, 503, 272, 236, 
0, 876, 663, 923, 61, 565, 
0, 686, 703, 58, 801, 333, 
0, 721, 844, 63, 855, 499, 
0, 148, 822, 883, 702, 47, 
0, 615, 427, 536, 522, 620, 
0, 218, 751, 811, 428, 311, 
0, 114, 660, 582, 480, 745, 583, 
0, 35, 21, 974, 241, 749, 
0, 514, 326, 484, 302, 
0, 638, 422, 200, 71, 670, 258, 
0, 597, 872, 354, 16, 784, 31, 
0, 392, 15, 143, 750, 175, 
0, 864, 776, 220, 51, 878, 534, 
0, 748, 329, 441, 459, 604, 
0, 8, 657, 506, 869, 205, 
0, 111, 821, 523, 487, 892, 969, 
0, 405, 877, 863, 695, 64, 
0, 701, 41, 244, 262, 
0, 6, 79, 402, 309, 
0, 589, 463, 386, 118, 967, 800, 
0, 512, 817, 246, 755, 839, 13, 
0, 238, 280, 92, 914, 830, 384, 
0, 976, 857, 275, 99, 951, 
0, 633, 747, 294, 425, 364, 726, 
0, 647, 1, 684, 91, 
0, 251, 77, 256, 696, 642, 
0, 133, 529, 11, 930, 225, 
0, 376, 625, 367, 154, 
0, 496, 163, 601, 144, 
0, 431, 916, 994, 984, 
0, 948, 573, 590, 917, 413, 
0, 103, 759, 682, 456, 186, 556, 
0, 112, 549, 142, 681, 221, 
0, 580, 510, 357, 165, 
0, 343, 662, 932, 268, 233, 842, 
0, 494, 592, 927, 55, 708, 756, 
0, 989, 909, 785, 636, 206, 
0, 147, 53, 931, 880, 995, 736, 
0, 819, 195, 621, 242, 
0, 862, 559, 937, 34, 649, 816, 
0, 39, 22, 672, 774, 318, 904, 
0, 983, 341, 544, 197, 596, 643, 
0, 928, 666, 668, 65, 
0, 57, 119, 836, 80, 941, 
0, 611, 688, 373, 466, 385, 177, 778, 
0, 952, 519, 678, 89, 334, 
0, 328, 317, 450, 153, 490, 
0, 566, 193, 137, 722, 62, 628, 
0, 145, 717, 97, 614, 540, 558, 
0, 273, 75, 667, 30, 
0, 905, 189, 714, 152, 176, 
0, 399, 551, 963, 180, 
0, 485, 332, 873, 259, 169, 116, 
0, 758, 879, 806, 882, 171, 481, 
0, 656, 940, 185, 975, 968, 926, 
0, 793, 182, 607, 546, 
0, 207, 417, 437, 482, 
0, 213, 240, 202, 104, 550, 591, 
0, 679, 288, 919, 865, 375, 
0, 486, 808, 789, 43, 325, 
0, 527, 319, 744, 560, 208, 
0, 151, 74, 915, 874, 310, 
0, 278, 943, 856, 528, 824, 
0, 953, 433, 44, 327, 537, 
0, 19, 283, 253, 813, 204, 985, 
0, 380, 851, 3, 420, 465, 
0, 489, 553, 795, 555, 304, 
0, 733, 893, 96, 609, 85, 
0, 539, 906, 505, 296, 337, 
0, 814, 925, 699, 131, 947, 
0, 239, 664, 141, 763, 
0, 955, 312, 500, 49, 86, 
0, 631, 936, 123, 28, 587, 149, 
0, 619, 160, 289, 913, 773, 
0, 618, 4, 535, 348, 665, 
0, 381, 406, 409, 509, 365, 
0, 680, 964, 301, 477, 752, 
0, 429, 727, 622, 191, 
0, 382, 281, 
0, 130, 730, 653, 9, 683, 
0, 997, 716, 56, 575, 921, 949, 
0, 630, 694, 691, 368, 257, 
0, 735, 724, 669, 753, 17, 83, 
0, 970, 20, 320, 502, 249, 
0, 243, 407, 520, 711, 45, 184, 
0, 645, 799, 961, 965, 173, 
0, 712, 323, 675, 94, 782, 
0, 526, 608, 203, 962, 25, 
0, 515, 574, 351, 848, 875, 
0, 155, 190, 339, 986, 531, 
0, 577, 861, 578, 219, 228, 
0, 831, 979, 911, 315, 110, 719, 
0, 731, 772, 434, 912, 138, 
0, 818, 689, 400, 780, 552, 
0, 188, 248, 342, 447, 345, 60, 
0, 770, 210, 993, 50, 709, 
0, 492, 183, 907, 360, 978, 
0, 554, 804, 230, 174, 632, 269, 
0, 918, 298, 24, 767, 671, 
0, 234, 279, 991, 372, 900, 
0, 458, 350, 314, 98, 613, 