Solution: 75 115876

0, 393, 155, 38, 47, 16, 37, 
0, 158, 130, 305, 254, 
0, 76, 218, 215, 243, 365, 
0, 172, 274, 185, 322, 7, 261, 
0, 9, 367, 5, 64, 69, 98, 
0, 326, 387, 73, 362, 276, 351, 
0, 145, 269, 388, 162, 102, 368, 
0, 313, 17, 400, 203, 116, 
0, 72, 256, 144, 114, 312, 
0, 291, 18, 51, 333, 174, 
0, 262, 349, 167, 136, 92, 178, 
0, 240, 228, 129, 63, 23, 
0, 307, 359, 246, 316, 107, 
0, 60, 241, 222, 134, 207, 
0, 86, 360, 127, 356, 70, 100, 
0, 377, 10, 49, 192, 22, 
0, 99, 91, 176, 58, 142, 
0, 378, 196, 97, 19, 104, 320, 
0, 118, 324, 263, 194, 54, 
0, 46, 111, 88, 372, 101, 290, 
0, 186, 217, 233, 208, 288, 389, 
0, 188, 34, 41, 4, 225, 
0, 147, 270, 33, 13, 345, 
0, 74, 168, 338, 230, 183, 347, 
0, 236, 302, 75, 247, 255, 
0, 379, 325, 138, 140, 82, 353, 
0, 55, 52, 334, 319, 8, 267, 
0, 364, 128, 28, 141, 152, 94, 
0, 187, 374, 153, 355, 
0, 184, 191, 108, 295, 
0, 44, 199, 112, 68, 220, 
0, 294, 78, 239, 306, 321, 259, 
0, 285, 287, 115, 27, 268, 
0, 348, 31, 293, 329, 380, 
0, 123, 180, 53, 193, 350, 
0, 392, 182, 48, 11, 280, 
0, 204, 309, 265, 354, 
0, 376, 242, 210, 57, 159, 357, 
0, 181, 266, 223, 398, 143, 283, 
0, 363, 137, 154, 71, 235, 383, 
0, 315, 366, 337, 126, 341, 
0, 20, 113, 175, 50, 330, 
0, 381, 117, 206, 264, 300, 327, 
0, 390, 304, 35, 352, 284, 
0, 150, 40, 197, 216, 131, 
0, 161, 323, 229, 146, 1, 
0, 135, 80, 339, 332, 
0, 361, 331, 340, 61, 370, 42, 
0, 226, 24, 156, 177, 238, 249, 
0, 89, 166, 213, 93, 286, 
0, 202, 336, 394, 29, 45, 386, 
0, 303, 77, 260, 384, 83, 190, 
0, 62, 139, 214, 95, 205, 
0, 212, 200, 120, 65, 373, 
0, 314, 165, 15, 250, 272, 26, 
0, 310, 371, 30, 292, 105, 201, 
0, 278, 171, 253, 219, 399, 277, 
0, 149, 110, 3, 124, 
0, 85, 56, 160, 67, 299, 
0, 342, 397, 179, 21, 298, 6, 
0, 122, 251, 12, 106, 301, 281, 
0, 275, 163, 273, 258, 132, 
0, 234, 245, 164, 344, 
0, 297, 151, 157, 369, 396, 121, 
0, 211, 248, 237, 209, 
0, 189, 328, 43, 14, 244, 
0, 252, 195, 375, 32, 81, 
0, 170, 119, 103, 148, 133, 395, 
0, 317, 109, 59, 90, 84, 198, 
0, 125, 289, 224, 39, 385, 173, 
0, 282, 79, 66, 87, 308, 
0, 96, 358, 2, 335, 221, 296, 
0, 232, 311, 169, 25, 271, 
0, 382, 227, 343, 36, 318, 
0, 231, 391, 346, 279, 257, 