Solution: 79 121997

0, 320, 360, 174, 152, 371, 
0, 364, 268, 276, 130, 299, 
0, 395, 92, 16, 228, 5, 
0, 230, 279, 248, 245, 306, 393, 
0, 67, 35, 315, 236, 218, 
0, 167, 219, 396, 262, 84, 129, 
0, 45, 14, 85, 180, 114, 
0, 74, 275, 207, 187, 260, 
0, 11, 350, 38, 354, 
0, 387, 204, 336, 27, 178, 
0, 72, 93, 333, 301, 376, 274, 
0, 349, 383, 8, 22, 269, 
0, 100, 256, 86, 206, 13, 
0, 353, 140, 214, 296, 380, 
0, 163, 290, 369, 280, 83, 
0, 164, 231, 171, 234, 60, 298, 
0, 221, 366, 20, 30, 357, 
0, 70, 128, 49, 
0, 61, 36, 136, 126, 
0, 271, 159, 277, 160, 250, 
0, 158, 223, 199, 322, 161, 
0, 247, 21, 149, 254, 252, 
0, 95, 329, 283, 78, 310, 
0, 328, 148, 209, 194, 37, 28, 
0, 352, 227, 381, 150, 147, 
0, 365, 162, 59, 400, 51, 145, 
0, 378, 317, 55, 144, 386, 
0, 319, 339, 52, 165, 278, 
0, 257, 304, 314, 203, 382, 270, 
0, 293, 210, 106, 168, 237, 289, 
0, 181, 96, 90, 117, 343, 
0, 205, 98, 133, 50, 123, 197, 
0, 216, 261, 189, 323, 272, 
0, 291, 184, 110, 107, 273, 
0, 43, 94, 73, 
0, 355, 359, 300, 170, 246, 
0, 132, 18, 143, 195, 385, 
0, 351, 324, 288, 115, 362, 
0, 305, 374, 239, 267, 379, 294, 
0, 183, 103, 39, 102, 326, 338, 
0, 71, 87, 281, 44, 211, 
0, 240, 297, 156, 367, 
0, 303, 62, 26, 361, 202, 
0, 284, 32, 119, 198, 249, 
0, 134, 200, 91, 243, 172, 
0, 368, 332, 302, 311, 
0, 109, 201, 372, 325, 
0, 196, 101, 57, 166, 154, 
0, 309, 186, 390, 321, 4, 82, 
0, 370, 335, 232, 173, 3, 75, 
0, 79, 24, 340, 182, 66, 
0, 10, 373, 308, 212, 346, 213, 
0, 135, 193, 208, 139, 263, 
0, 7, 222, 318, 176, 40, 
0, 120, 141, 47, 12, 19, 
0, 33, 312, 255, 330, 341, 
0, 285, 6, 88, 191, 97, 
0, 295, 112, 9, 23, 131, 
0, 266, 157, 108, 229, 104, 398, 
0, 56, 377, 363, 29, 397, 42, 
0, 116, 17, 31, 235, 327, 
0, 137, 292, 127, 1, 169, 392, 
0, 244, 89, 53, 46, 389, 
0, 153, 224, 286, 388, 
0, 384, 99, 307, 175, 259, 
0, 251, 265, 111, 345, 356, 
0, 225, 287, 151, 253, 15, 
0, 113, 258, 344, 122, 81, 
0, 190, 124, 146, 188, 121, 
0, 65, 77, 264, 105, 
0, 155, 342, 138, 118, 142, 226, 
0, 64, 192, 399, 34, 80, 
0, 215, 337, 63, 233, 185, 
0, 48, 41, 394, 358, 
0, 69, 2, 179, 331, 
0, 177, 25, 242, 348, 241, 
0, 375, 125, 76, 347, 54, 
0, 68, 282, 238, 220, 58, 
0, 391, 316, 217, 313, 334, 