Solution: 74 115540

0, 258, 94, 318, 21, 177, 277, 
0, 38, 65, 122, 298, 333, 
0, 58, 53, 374, 322, 253, 353, 128, 
0, 82, 130, 112, 214, 294, 
0, 366, 188, 201, 247, 127, 377, 
0, 200, 202, 85, 138, 335, 101, 
0, 300, 13, 14, 103, 291, 
0, 104, 99, 301, 396, 95, 
0, 203, 337, 302, 98, 154, 345, 
0, 226, 162, 343, 368, 317, 70, 
0, 33, 227, 176, 89, 
0, 49, 119, 220, 267, 163, 
0, 52, 161, 327, 48, 309, 
0, 185, 198, 16, 50, 150, 
0, 329, 45, 63, 350, 212, 44, 
0, 170, 251, 228, 41, 135, 
0, 34, 284, 11, 187, 88, 
0, 382, 315, 219, 111, 290, 92, 
0, 363, 236, 197, 340, 132, 32, 
0, 313, 51, 9, 118, 77, 
0, 286, 265, 245, 326, 260, 
0, 384, 84, 257, 399, 36, 390, 
0, 355, 328, 383, 147, 225, 
0, 323, 218, 3, 113, 234, 
0, 67, 199, 338, 222, 297, 
0, 371, 23, 55, 5, 356, 293, 
0, 369, 69, 232, 274, 8, 387, 
0, 192, 196, 133, 145, 
0, 144, 361, 195, 349, 
0, 157, 173, 18, 169, 131, 
0, 141, 332, 310, 167, 140, 
0, 304, 107, 325, 134, 183, 66, 
0, 283, 12, 64, 148, 285, 373, 
0, 93, 124, 1, 56, 269, 
0, 28, 308, 330, 295, 100, 
0, 153, 105, 252, 117, 193, 
0, 24, 152, 250, 142, 320, 
0, 273, 7, 263, 224, 15, 
0, 342, 223, 307, 254, 324, 22, 
0, 395, 30, 146, 160, 35, 
0, 279, 394, 370, 19, 191, 43, 
0, 296, 312, 17, 114, 76, 288, 
0, 385, 37, 40, 126, 341, 
0, 143, 190, 276, 137, 306, 352, 
0, 158, 102, 156, 360, 364, 
0, 321, 29, 194, 206, 60, 
0, 210, 392, 25, 275, 72, 262, 
0, 6, 155, 39, 189, 319, 272, 
0, 381, 311, 211, 270, 121, 
0, 358, 347, 178, 376, 362, 
0, 74, 255, 87, 61, 331, 62, 
0, 235, 289, 359, 278, 239, 393, 
0, 398, 378, 184, 57, 367, 264, 
0, 246, 216, 46, 54, 241, 
0, 256, 168, 172, 42, 205, 
0, 71, 159, 27, 397, 166, 
0, 375, 149, 266, 123, 164, 
0, 389, 209, 116, 120, 73, 348, 
0, 175, 268, 240, 237, 179, 
0, 139, 97, 75, 388, 221, 
0, 217, 354, 110, 249, 242, 125, 
0, 181, 271, 365, 303, 230, 174, 
0, 78, 229, 336, 106, 334, 
0, 180, 380, 357, 305, 91, 238, 
0, 151, 248, 208, 233, 171, 299, 
0, 79, 213, 136, 281, 287, 
0, 261, 391, 207, 59, 280, 90, 
0, 282, 186, 2, 400, 129, 10, 
0, 115, 165, 20, 346, 109, 
0, 80, 47, 68, 259, 372, 379, 
0, 108, 314, 31, 351, 386, 231, 
0, 316, 243, 96, 26, 344, 
0, 292, 182, 81, 244, 83, 
0, 339, 86, 204, 4, 215, 