Solution: 78 119451

0, 70, 231, 262, 304, 198, 
0, 226, 282, 9, 165, 205, 
0, 53, 45, 286, 348, 374, 
0, 181, 337, 265, 123, 
0, 92, 243, 155, 256, 178, 13, 
0, 395, 76, 257, 311, 193, 333, 
0, 232, 110, 180, 229, 
0, 331, 108, 176, 173, 342, 125, 
0, 326, 330, 295, 24, 199, 
0, 131, 58, 43, 183, 23, 
0, 390, 335, 294, 105, 
0, 310, 71, 129, 336, 65, 
0, 39, 400, 83, 267, 217, 258, 
0, 5, 375, 80, 157, 340, 156, 
0, 142, 158, 115, 186, 263, 
0, 126, 78, 4, 29, 290, 
0, 79, 218, 150, 46, 354, 
0, 10, 372, 393, 151, 146, 
0, 346, 140, 120, 27, 386, 
0, 281, 389, 250, 77, 368, 
0, 230, 48, 141, 397, 325, 
0, 274, 38, 91, 54, 148, 
0, 170, 160, 37, 246, 312, 
0, 252, 308, 63, 172, 159, 
0, 323, 244, 182, 49, 
0, 247, 149, 185, 240, 392, 
0, 315, 137, 255, 94, 25, 
0, 249, 82, 235, 12, 338, 
0, 107, 328, 370, 343, 64, 254, 
0, 215, 32, 187, 100, 356, 
0, 377, 163, 28, 355, 139, 
0, 190, 88, 239, 60, 277, 
0, 184, 81, 35, 42, 319, 279, 
0, 189, 7, 379, 221, 96, 225, 
0, 320, 111, 358, 122, 144, 
0, 175, 85, 223, 260, 248, 
0, 383, 174, 376, 224, 293, 
0, 296, 309, 17, 128, 378, 275, 
0, 233, 332, 69, 61, 216, 136, 
0, 212, 272, 72, 191, 339, 
0, 369, 359, 238, 280, 227, 
0, 167, 234, 209, 99, 164, 
0, 112, 8, 177, 47, 208, 
0, 361, 40, 394, 103, 298, 349, 
0, 116, 270, 93, 26, 16, 
0, 352, 206, 197, 287, 152, 
0, 68, 242, 169, 373, 380, 192, 
0, 344, 18, 364, 34, 1, 
0, 314, 398, 327, 19, 179, 171, 
0, 301, 388, 104, 127, 33, 
0, 130, 285, 162, 345, 
0, 387, 269, 207, 237, 194, 261, 
0, 201, 3, 214, 350, 
0, 366, 305, 84, 396, 98, 
0, 119, 114, 133, 288, 
0, 228, 168, 20, 222, 297, 
0, 62, 154, 210, 341, 324, 50, 
0, 145, 113, 203, 161, 
0, 268, 36, 106, 316, 56, 87, 
0, 15, 134, 41, 153, 124, 
0, 219, 317, 399, 195, 271, 384, 
0, 273, 196, 371, 51, 6, 22, 
0, 188, 89, 318, 95, 101, 
0, 303, 276, 351, 121, 
0, 55, 44, 57, 357, 
0, 347, 90, 302, 322, 86, 
0, 67, 138, 313, 117, 
0, 362, 200, 52, 74, 
0, 31, 102, 30, 14, 292, 
0, 367, 132, 365, 59, 147, 266, 
0, 321, 284, 2, 385, 118, 
0, 75, 360, 11, 202, 329, 251, 
0, 236, 259, 166, 135, 73, 211, 
0, 391, 381, 220, 21, 306, 
0, 66, 382, 143, 283, 353, 204, 109, 
0, 299, 334, 213, 300, 291, 
0, 241, 97, 278, 253, 307, 289, 
0, 245, 264, 363, 