Solution: 109 174108

0, 341, 34, 386, 600, 166, 297, 
0, 420, 368, 46, 196, 272, 384, 
0, 140, 492, 556, 406, 229, 235, 
0, 252, 72, 334, 377, 26, 463, 
0, 233, 538, 260, 171, 512, 501, 
0, 92, 330, 175, 467, 221, 281, 479, 
0, 367, 531, 184, 33, 225, 
0, 447, 142, 50, 490, 434, 
0, 203, 398, 580, 129, 514, 423, 
0, 289, 13, 137, 106, 535, 35, 
0, 417, 568, 319, 243, 375, 
0, 528, 11, 82, 10, 462, 407, 
0, 364, 303, 433, 583, 302, 345, 
0, 291, 460, 353, 113, 338, 
0, 414, 518, 397, 107, 563, 
0, 117, 400, 565, 102, 464, 472, 
0, 507, 152, 335, 48, 259, 517, 134, 
0, 187, 309, 546, 317, 369, 164, 
0, 547, 344, 559, 143, 2, 147, 
0, 593, 491, 261, 116, 220, 
0, 313, 14, 216, 39, 430, 183, 
0, 326, 59, 223, 274, 372, 
0, 416, 383, 27, 444, 545, 213, 
0, 47, 307, 80, 520, 554, 165, 
0, 573, 511, 299, 148, 230, 219, 
0, 118, 69, 273, 234, 378, 579, 
0, 185, 71, 505, 45, 508, 426, 
0, 156, 238, 38, 91, 21, 468, 
0, 363, 515, 539, 431, 253, 
0, 405, 351, 56, 159, 308, 
0, 597, 304, 262, 242, 496, 279, 
0, 480, 224, 244, 450, 249, 
0, 385, 452, 200, 44, 54, 
0, 381, 373, 263, 7, 89, 410, 
0, 382, 358, 288, 506, 594, 574, 
0, 52, 96, 271, 169, 585, 421, 
0, 298, 466, 500, 541, 343, 
0, 172, 193, 70, 587, 562, 544, 
0, 254, 109, 15, 396, 461, 
0, 292, 376, 177, 237, 119, 567, 
0, 526, 525, 270, 540, 522, 
0, 123, 207, 374, 25, 287, 596, 
0, 418, 411, 293, 295, 485, 40, 
0, 390, 151, 457, 569, 155, 497, 
0, 111, 176, 144, 42, 471, 
0, 332, 64, 186, 43, 114, 
0, 62, 327, 331, 578, 214, 268, 
0, 296, 402, 94, 366, 404, 
0, 555, 100, 566, 126, 521, 
0, 502, 371, 523, 41, 95, 
0, 241, 370, 488, 394, 108, 
0, 22, 227, 199, 473, 174, 
0, 301, 391, 349, 12, 55, 167, 
0, 320, 311, 476, 537, 441, 582, 
0, 337, 428, 484, 300, 73, 130, 
0, 572, 503, 437, 478, 493, 
0, 49, 79, 365, 306, 18, 
0, 138, 236, 323, 125, 32, 63, 
0, 68, 218, 58, 226, 
0, 389, 1, 285, 256, 57, 146, 
0, 425, 37, 150, 549, 
0, 312, 98, 280, 316, 194, 561, 
0, 360, 504, 495, 438, 591, 
0, 141, 258, 474, 362, 189, 65, 
0, 212, 449, 173, 305, 210, 
0, 392, 85, 329, 419, 228, 509, 
0, 427, 584, 110, 23, 53, 
0, 571, 324, 548, 475, 149, 
0, 87, 182, 413, 599, 408, 170, 
0, 8, 131, 81, 122, 560, 4, 
0, 153, 161, 595, 432, 78, 
0, 399, 395, 459, 84, 190, 
0, 542, 240, 206, 90, 231, 
0, 215, 283, 209, 354, 
0, 208, 403, 519, 557, 448, 
0, 445, 590, 269, 198, 453, 
0, 470, 536, 581, 97, 124, 
0, 266, 5, 162, 564, 250, 446, 
0, 191, 440, 178, 
0, 527, 282, 588, 534, 181, 217, 
0, 570, 265, 88, 524, 112, 
0, 19, 101, 246, 157, 6, 
0, 86, 498, 336, 333, 361, 439, 
0, 267, 510, 489, 127, 201, 
0, 387, 592, 412, 51, 115, 20, 
0, 529, 321, 160, 350, 589, 28, 
0, 277, 31, 158, 16, 482, 
0, 577, 104, 481, 486, 133, 422, 
0, 222, 458, 128, 24, 
0, 551, 168, 17, 553, 359, 264, 
0, 532, 455, 494, 248, 401, 393, 
0, 315, 347, 135, 409, 145, 
0, 179, 136, 276, 379, 454, 132, 
0, 251, 357, 598, 442, 163, 284, 
0, 93, 516, 278, 355, 415, 380, 
0, 575, 180, 469, 558, 75, 
0, 477, 36, 29, 139, 76, 
0, 188, 103, 552, 211, 
0, 340, 456, 465, 513, 348, 
0, 352, 60, 346, 61, 443, 
0, 499, 154, 325, 576, 245, 429, 
0, 275, 543, 66, 83, 120, 9, 
0, 105, 328, 550, 290, 239, 483, 
0, 286, 121, 204, 257, 197, 533, 
0, 530, 205, 586, 255, 77, 202, 
0, 318, 436, 30, 487, 424, 74, 
0, 67, 388, 232, 195, 99, 310, 
0, 356, 192, 3, 451, 322, 
0, 314, 435, 342, 294, 247, 339, 