Solution: 113 178317

0, 303, 73, 572, 123, 567, 
0, 346, 490, 534, 406, 104, 
0, 138, 88, 272, 287, 168, 
0, 544, 149, 590, 265, 493, 161, 
0, 331, 570, 263, 82, 362, 129, 
0, 576, 394, 301, 451, 543, 482, 
0, 58, 202, 218, 27, 293, 
0, 554, 162, 515, 268, 65, 
0, 511, 401, 13, 42, 97, 
0, 430, 99, 139, 225, 579, 
0, 479, 585, 584, 78, 523, 
0, 180, 444, 80, 1, 216, 
0, 22, 557, 419, 227, 334, 
0, 332, 221, 598, 447, 83, 174, 
0, 426, 514, 533, 446, 192, 
0, 269, 50, 296, 262, 185, 
0, 478, 69, 437, 518, 75, 
0, 126, 248, 316, 231, 21, 
0, 410, 571, 100, 320, 200, 
0, 57, 173, 352, 242, 230, 44, 
0, 253, 158, 146, 476, 222, 
0, 491, 184, 365, 115, 324, 144, 
0, 322, 74, 461, 198, 
0, 239, 411, 278, 89, 417, 
0, 118, 60, 280, 86, 405, 
0, 497, 520, 197, 147, 428, 
0, 114, 107, 136, 15, 470, 
0, 526, 333, 111, 449, 359, 378, 
0, 122, 105, 327, 41, 432, 93, 
0, 59, 273, 76, 37, 424, 513, 
0, 18, 457, 121, 376, 455, 228, 507, 
0, 108, 201, 137, 243, 252, 
0, 597, 565, 494, 164, 151, 
0, 309, 79, 341, 2, 3, 
0, 182, 53, 68, 300, 220, 
0, 176, 101, 284, 524, 484, 257, 
0, 363, 56, 246, 593, 471, 423, 
0, 527, 96, 172, 573, 256, 47, 
0, 436, 529, 199, 4, 
0, 521, 357, 558, 561, 23, 454, 
0, 581, 84, 141, 509, 414, 
0, 283, 383, 54, 217, 355, 52, 
0, 538, 51, 512, 240, 
0, 314, 38, 148, 551, 348, 
0, 258, 562, 575, 165, 508, 407, 
0, 178, 169, 425, 599, 392, 
0, 443, 128, 292, 481, 271, 
0, 477, 569, 116, 160, 517, 
0, 298, 159, 505, 43, 435, 
0, 49, 98, 10, 596, 294, 
0, 275, 72, 304, 40, 235, 
0, 219, 132, 356, 550, 338, 
0, 181, 463, 487, 404, 433, 501, 
0, 396, 208, 452, 177, 187, 
0, 458, 157, 464, 175, 480, 
0, 81, 195, 391, 384, 297, 
0, 530, 317, 236, 26, 155, 211, 
0, 495, 347, 600, 313, 595, 
0, 46, 109, 14, 371, 465, 
0, 402, 469, 488, 119, 531, 302, 
0, 369, 510, 366, 323, 110, 
0, 459, 229, 130, 456, 
0, 418, 360, 255, 77, 500, 
0, 536, 367, 504, 588, 445, 431, 
0, 112, 474, 537, 244, 421, 
0, 466, 237, 145, 321, 
0, 468, 580, 587, 66, 547, 
0, 374, 249, 368, 473, 560, 
0, 343, 345, 340, 212, 308, 380, 
0, 330, 349, 566, 335, 34, 95, 
0, 499, 150, 207, 106, 223, 203, 
0, 372, 7, 354, 261, 388, 483, 
0, 87, 318, 103, 450, 
0, 306, 328, 503, 506, 170, 
0, 167, 224, 30, 134, 67, 
0, 342, 163, 408, 379, 556, 
0, 61, 591, 295, 282, 542, 
0, 270, 33, 8, 441, 19, 36, 
0, 393, 416, 189, 420, 274, 210, 
0, 578, 339, 475, 31, 194, 25, 
0, 254, 336, 549, 186, 541, 
0, 535, 413, 288, 260, 29, 
0, 135, 32, 133, 574, 389, 85, 
0, 92, 344, 364, 427, 143, 188, 
0, 397, 156, 312, 166, 153, 
0, 552, 6, 264, 5, 467, 90, 
0, 528, 353, 120, 193, 311, 
0, 496, 351, 11, 559, 553, 286, 
0, 307, 361, 440, 377, 55, 
0, 400, 206, 589, 370, 245, 17, 
0, 251, 373, 45, 577, 279, 395, 
0, 20, 226, 555, 281, 
0, 125, 9, 214, 276, 310, 
0, 48, 326, 548, 519, 16, 453, 
0, 259, 277, 462, 439, 140, 
0, 546, 154, 460, 102, 241, 
0, 12, 386, 204, 540, 142, 
0, 319, 594, 422, 375, 215, 
0, 266, 70, 196, 489, 358, 
0, 113, 486, 399, 564, 64, 127, 
0, 498, 152, 337, 299, 582, 438, 
0, 583, 171, 502, 448, 39, 289, 
0, 183, 325, 250, 329, 563, 
0, 522, 291, 592, 586, 117, 94, 
0, 403, 285, 232, 492, 247, 350, 
0, 415, 191, 545, 91, 472, 
0, 124, 442, 234, 233, 
0, 525, 62, 131, 315, 179, 412, 
0, 205, 409, 382, 398, 213, 267, 
0, 434, 28, 390, 290, 539, 
0, 429, 238, 485, 516, 381, 385, 
0, 190, 305, 71, 24, 532, 
0, 209, 63, 387, 35, 568, 