Solution: 110 177979

0, 161, 591, 443, 395, 448, 
0, 191, 3, 102, 282, 70, 196, 
0, 505, 142, 198, 105, 211, 
0, 476, 216, 27, 152, 462, 277, 
0, 144, 254, 164, 37, 220, 69, 
0, 234, 365, 324, 407, 223, 394, 
0, 399, 539, 233, 330, 203, 265, 
0, 335, 219, 24, 189, 207, 171, 
0, 261, 375, 229, 244, 440, 
0, 63, 61, 78, 578, 130, 
0, 325, 351, 100, 115, 307, 
0, 534, 77, 274, 508, 496, 
0, 114, 109, 569, 49, 500, 
0, 175, 509, 353, 305, 482, 
0, 593, 391, 5, 293, 373, 
0, 543, 127, 135, 294, 218, 160, 
0, 493, 128, 328, 263, 292, 
0, 495, 185, 182, 481, 40, 401, 
0, 317, 491, 418, 557, 231, 256, 
0, 521, 228, 480, 38, 537, 513, 
0, 522, 372, 107, 470, 381, 
0, 316, 405, 64, 376, 533, 374, 
0, 242, 361, 337, 21, 538, 333, 
0, 7, 241, 148, 11, 527, 
0, 6, 490, 4, 555, 258, 
0, 456, 94, 264, 221, 573, 
0, 551, 58, 33, 255, 278, 
0, 246, 91, 259, 426, 137, 
0, 362, 71, 9, 553, 303, 552, 
0, 110, 98, 497, 556, 276, 421, 
0, 149, 432, 487, 302, 444, 
0, 597, 162, 240, 147, 550, 103, 
0, 457, 19, 356, 463, 558, 
0, 146, 363, 506, 360, 406, 
0, 525, 574, 272, 546, 184, 
0, 450, 408, 260, 473, 
0, 419, 434, 571, 249, 592, 
0, 291, 80, 123, 322, 348, 501, 
0, 388, 320, 51, 279, 178, 59, 
0, 17, 449, 192, 136, 22, 357, 
0, 516, 455, 475, 193, 466, 
0, 358, 75, 157, 288, 25, 65, 
0, 383, 565, 584, 304, 342, 
0, 308, 542, 314, 212, 564, 
0, 559, 350, 86, 111, 409, 
0, 598, 236, 504, 447, 243, 
0, 269, 73, 540, 515, 367, 530, 
0, 472, 589, 224, 445, 179, 
0, 174, 412, 83, 1, 568, 66, 
0, 390, 485, 385, 561, 297, 422, 
0, 169, 166, 414, 239, 280, 
0, 382, 199, 84, 379, 420, 295, 
0, 81, 441, 442, 32, 205, 
0, 411, 583, 415, 599, 511, 
0, 417, 257, 468, 247, 190, 57, 
0, 327, 150, 48, 369, 431, 
0, 577, 101, 477, 483, 131, 349, 
0, 16, 99, 214, 87, 389, 
0, 331, 424, 413, 118, 121, 132, 
0, 494, 580, 310, 42, 225, 
0, 117, 62, 366, 173, 237, 400, 
0, 12, 471, 531, 436, 
0, 124, 368, 29, 133, 113, 76, 
0, 200, 301, 339, 151, 35, 2, 
0, 423, 222, 313, 596, 209, 
0, 251, 54, 67, 125, 
0, 535, 354, 435, 158, 586, 119, 
0, 517, 364, 248, 438, 36, 275, 
0, 312, 112, 595, 488, 346, 
0, 230, 8, 452, 213, 590, 
0, 45, 97, 567, 126, 549, 
0, 403, 519, 582, 378, 168, 
0, 204, 60, 315, 235, 459, 
0, 486, 334, 156, 10, 202, 
0, 524, 197, 587, 50, 529, 377, 
0, 451, 183, 47, 250, 541, 437, 
0, 575, 88, 194, 245, 338, 
0, 206, 227, 138, 594, 165, 
0, 498, 429, 56, 393, 544, 
0, 512, 398, 554, 370, 153, 
0, 311, 479, 210, 355, 154, 600, 
0, 520, 499, 384, 427, 39, 253, 
0, 180, 31, 404, 163, 
0, 273, 141, 588, 340, 430, 34, 
0, 523, 186, 318, 439, 195, 28, 
0, 464, 145, 122, 285, 576, 238, 
0, 548, 545, 300, 461, 343, 143, 
0, 392, 433, 30, 336, 226, 492, 
0, 46, 72, 329, 116, 41, 581, 
0, 341, 299, 323, 396, 489, 155, 
0, 371, 270, 139, 469, 217, 306, 
0, 93, 53, 510, 271, 416, 262, 43, 
0, 570, 187, 172, 286, 215, 503, 
0, 82, 352, 108, 267, 332, 20, 
0, 284, 563, 319, 159, 298, 
0, 170, 177, 402, 92, 502, 18, 
0, 380, 321, 326, 579, 290, 181, 
0, 252, 74, 167, 397, 14, 
0, 453, 347, 484, 89, 518, 
0, 386, 474, 68, 425, 514, 104, 
0, 52, 562, 585, 44, 188, 266, 
0, 289, 90, 120, 13, 23, 446, 
0, 296, 140, 134, 547, 528, 283, 
0, 309, 387, 201, 532, 96, 
0, 572, 345, 410, 560, 458, 
0, 526, 507, 15, 460, 465, 
0, 281, 176, 26, 232, 478, 
0, 287, 106, 208, 344, 129, 
0, 359, 566, 85, 454, 467, 95, 
0, 268, 55, 536, 428, 79, 