Solution: 114 178201

0, 533, 514, 93, 385, 456, 
0, 248, 361, 92, 461, 27, 497, 29, 
0, 314, 447, 496, 153, 142, 
0, 141, 432, 267, 164, 474, 
0, 5, 365, 508, 378, 57, 
0, 104, 90, 214, 494, 307, 
0, 126, 95, 529, 479, 483, 
0, 396, 193, 327, 286, 582, 240, 
0, 541, 458, 102, 195, 520, 3, 
0, 15, 115, 555, 308, 17, 
0, 196, 124, 117, 375, 446, 
0, 362, 487, 595, 301, 343, 191, 
0, 172, 311, 549, 34, 374, 410, 
0, 46, 455, 319, 465, 565, 
0, 277, 220, 338, 313, 13, 364, 567, 
0, 76, 535, 316, 198, 211, 
0, 415, 388, 288, 287, 14, 290, 
0, 532, 194, 330, 507, 183, 161, 
0, 577, 506, 438, 91, 347, 
0, 322, 572, 82, 6, 379, 
0, 166, 530, 584, 486, 296, 
0, 417, 444, 527, 105, 504, 
0, 300, 175, 499, 43, 473, 
0, 44, 215, 12, 552, 524, 
0, 426, 257, 138, 449, 422, 
0, 209, 272, 355, 122, 445, 
0, 103, 36, 523, 521, 
0, 391, 568, 372, 596, 579, 
0, 336, 16, 512, 4, 106, 586, 
0, 200, 225, 88, 273, 421, 
0, 320, 345, 563, 326, 31, 546, 
0, 443, 63, 18, 540, 2, 188, 
0, 350, 32, 392, 37, 201, 
0, 490, 264, 509, 236, 592, 42, 
0, 531, 502, 315, 337, 
0, 253, 100, 202, 23, 
0, 341, 428, 412, 354, 448, 
0, 340, 471, 590, 255, 116, 482, 
0, 118, 99, 384, 24, 284, 
0, 317, 481, 203, 366, 
0, 470, 11, 453, 151, 459, 
0, 278, 435, 352, 224, 221, 
0, 328, 510, 47, 185, 25, 
0, 130, 127, 452, 573, 585, 442, 
0, 397, 318, 136, 489, 560, 97, 
0, 61, 353, 495, 244, 370, 405, 
0, 281, 8, 10, 434, 143, 498, 
0, 581, 84, 137, 516, 406, 
0, 297, 75, 212, 562, 204, 
0, 359, 460, 280, 488, 179, 
0, 321, 517, 363, 430, 1, 135, 
0, 45, 72, 48, 528, 293, 534, 
0, 554, 58, 33, 556, 513, 
0, 144, 538, 548, 35, 462, 71, 
0, 383, 107, 597, 491, 381, 
0, 242, 466, 539, 431, 
0, 371, 569, 80, 559, 360, 237, 
0, 283, 171, 302, 147, 480, 
0, 413, 518, 393, 222, 536, 180, 312, 
0, 418, 226, 219, 484, 38, 65, 
0, 169, 266, 468, 367, 457, 
0, 323, 86, 56, 208, 234, 140, 
0, 170, 149, 250, 256, 174, 59, 
0, 387, 492, 9, 414, 271, 
0, 547, 235, 218, 259, 545, 
0, 176, 81, 114, 382, 
0, 292, 73, 476, 187, 282, 
0, 213, 49, 28, 129, 68, 
0, 60, 190, 241, 145, 386, 
0, 223, 324, 450, 439, 356, 433, 
0, 20, 291, 178, 294, 19, 346, 
0, 275, 121, 243, 96, 285, 
0, 289, 580, 587, 305, 333, 67, 
0, 119, 30, 108, 207, 85, 
0, 295, 148, 570, 247, 344, 
0, 575, 165, 550, 21, 416, 
0, 192, 402, 583, 74, 423, 
0, 578, 515, 233, 41, 427, 150, 
0, 408, 64, 231, 229, 265, 
0, 62, 377, 261, 309, 
0, 411, 160, 553, 409, 519, 
0, 167, 173, 94, 111, 177, 
0, 331, 152, 401, 40, 52, 
0, 599, 246, 349, 419, 325, 66, 
0, 351, 522, 98, 557, 537, 157, 
0, 110, 404, 571, 469, 146, 310, 
0, 403, 400, 543, 376, 269, 
0, 89, 334, 544, 131, 158, 464, 
0, 270, 561, 227, 112, 254, 
0, 511, 139, 339, 230, 274, 
0, 551, 7, 260, 53, 217, 206, 
0, 128, 181, 26, 440, 232, 
0, 252, 87, 268, 251, 525, 
0, 197, 55, 210, 238, 485, 
0, 503, 436, 78, 168, 239, 123, 
0, 304, 475, 70, 369, 298, 
0, 500, 493, 22, 133, 564, 279, 
0, 262, 424, 101, 589, 113, 
0, 109, 390, 79, 216, 
0, 50, 373, 258, 182, 576, 389, 
0, 156, 186, 162, 
0, 332, 189, 132, 467, 306, 
0, 598, 380, 526, 39, 299, 
0, 394, 69, 574, 155, 303, 501, 
0, 348, 245, 368, 463, 51, 
0, 454, 357, 54, 398, 425, 505, 
0, 407, 329, 335, 199, 125, 358, 
0, 420, 249, 588, 542, 594, 
0, 477, 600, 437, 395, 83, 163, 
0, 159, 593, 441, 399, 184, 263, 
0, 228, 429, 558, 134, 342, 
0, 77, 120, 276, 
0, 472, 591, 566, 
0, 451, 478, 154, 205, 