Solution: 147 208325

0, 767, 645, 216, 107, 786, 
0, 384, 296, 471, 716, 688, 
0, 339, 749, 71, 625, 632, 585, 
0, 238, 458, 506, 346, 715, 429, 
0, 668, 98, 655, 77, 689, 764, 
0, 690, 13, 155, 667, 705, 250, 
0, 165, 772, 692, 10, 157, 337, 719, 
0, 46, 96, 202, 111, 253, 
0, 298, 8, 160, 556, 383, 43, 
0, 360, 237, 212, 659, 755, 
0, 358, 100, 525, 49, 411, 147, 
0, 315, 489, 646, 791, 206, 459, 
0, 221, 465, 682, 565, 436, 48, 
0, 759, 739, 79, 81, 793, 579, 
0, 239, 729, 252, 600, 132, 
0, 31, 169, 747, 779, 624, 
0, 349, 55, 87, 611, 728, 
0, 161, 385, 30, 662, 185, 650, 
0, 258, 1, 615, 505, 518, 
0, 527, 642, 370, 420, 695, 
0, 167, 118, 432, 643, 568, 201, 
0, 621, 291, 134, 234, 138, 
0, 382, 70, 590, 781, 
0, 546, 468, 5, 73, 301, 
0, 778, 267, 573, 407, 2, 
0, 449, 249, 794, 340, 143, 83, 
0, 51, 403, 740, 671, 
0, 94, 199, 447, 598, 11, 389, 
0, 670, 204, 366, 84, 162, 
0, 227, 412, 541, 327, 612, 766, 
0, 519, 231, 64, 582, 
0, 228, 294, 392, 241, 408, 698, 797, 
0, 218, 446, 485, 264, 336, 
0, 426, 191, 321, 617, 101, 
0, 751, 702, 318, 571, 636, 299, 74, 
0, 761, 516, 481, 244, 439, 39, 
0, 710, 274, 470, 245, 76, 
0, 393, 492, 57, 146, 494, 
0, 529, 400, 248, 89, 640, 127, 
0, 91, 90, 359, 444, 
0, 433, 648, 576, 29, 540, 200, 
0, 714, 629, 42, 246, 721, 
0, 326, 604, 375, 67, 137, 
0, 606, 372, 386, 41, 543, 663, 
0, 62, 319, 181, 502, 124, 273, 
0, 497, 414, 462, 641, 649, 
0, 697, 622, 279, 669, 307, 
0, 499, 289, 16, 188, 783, 780, 596, 
0, 136, 666, 461, 270, 36, 288, 
0, 271, 220, 673, 195, 463, 
0, 133, 213, 679, 38, 380, 693, 
0, 435, 500, 584, 454, 225, 
0, 790, 356, 515, 209, 504, 22, 
0, 651, 56, 139, 607, 214, 
0, 53, 142, 78, 282, 597, 
0, 796, 570, 691, 564, 548, 
0, 730, 423, 369, 460, 44, 748, 
0, 512, 623, 151, 619, 787, 
0, 594, 303, 396, 438, 455, 
0, 476, 86, 397, 798, 402, 
0, 742, 555, 517, 618, 131, 
0, 593, 430, 768, 644, 6, 
0, 166, 684, 18, 567, 588, 80, 
0, 490, 150, 652, 163, 696, 
0, 275, 183, 681, 72, 93, 602, 
0, 354, 148, 390, 613, 736, 152, 
0, 709, 758, 324, 365, 344, 280, 
0, 547, 334, 247, 427, 422, 140, 
0, 355, 413, 416, 305, 599, 658, 
0, 176, 501, 409, 7, 102, 156, 
0, 610, 686, 577, 726, 401, 750, 
0, 121, 293, 575, 217, 306, 
0, 387, 3, 601, 614, 706, 
0, 456, 734, 314, 496, 637, 687, 592, 
0, 106, 224, 609, 32, 193, 
0, 680, 243, 20, 562, 417, 
0, 332, 572, 639, 14, 168, 
0, 316, 125, 254, 
0, 269, 395, 371, 164, 194, 630, 
0, 657, 75, 498, 451, 240, 215, 
0, 788, 34, 694, 589, 
0, 60, 123, 756, 746, 800, 345, 
0, 591, 616, 558, 25, 563, 
0, 286, 627, 418, 219, 538, 
0, 398, 708, 105, 52, 762, 
0, 268, 180, 514, 302, 561, 
0, 12, 724, 109, 534, 580, 
0, 261, 799, 329, 532, 522, 419, 
0, 262, 381, 149, 95, 179, 484, 
0, 281, 170, 343, 486, 723, 712, 
0, 368, 656, 474, 19, 65, 722, 
0, 551, 483, 208, 82, 704, 521, 259, 
0, 488, 378, 364, 323, 450, 171, 
0, 223, 457, 539, 119, 635, 
0, 464, 437, 66, 309, 63, 782, 
0, 785, 182, 196, 404, 257, 
0, 711, 665, 608, 795, 685, 605, 
0, 177, 184, 440, 256, 661, 
0, 115, 144, 763, 27, 394, 
0, 232, 198, 283, 731, 511, 172, 
0, 187, 255, 197, 678, 626, 
0, 348, 717, 21, 713, 
0, 674, 406, 493, 290, 399, 701, 
0, 537, 508, 405, 126, 545, 
0, 452, 130, 741, 154, 117, 116, 
0, 278, 703, 660, 35, 99, 85, 
0, 574, 428, 112, 15, 24, 
0, 495, 536, 45, 528, 159, 350, 
0, 757, 718, 445, 720, 479, 
0, 699, 760, 122, 789, 260, 113, 
0, 744, 754, 40, 104, 533, 292, 
0, 374, 325, 620, 442, 526, 472, 
0, 361, 487, 683, 675, 507, 
0, 770, 367, 631, 700, 566, 
0, 317, 174, 549, 58, 120, 
0, 210, 654, 544, 331, 560, 
0, 50, 727, 222, 97, 92, 320, 
0, 752, 391, 415, 503, 341, 
0, 141, 530, 769, 312, 520, 
0, 114, 178, 735, 628, 664, 333, 
0, 266, 475, 469, 233, 352, 145, 
0, 353, 205, 300, 587, 173, 357, 
0, 410, 28, 135, 777, 377, 
0, 108, 523, 335, 186, 4, 
0, 647, 110, 207, 17, 491, 276, 
0, 192, 482, 774, 467, 310, 
0, 586, 737, 128, 792, 153, 
0, 285, 342, 322, 69, 634, 330, 
0, 552, 745, 421, 338, 26, 732, 
0, 9, 557, 277, 284, 236, 434, 
0, 603, 47, 773, 771, 103, 
0, 524, 328, 583, 776, 578, 765, 
0, 190, 373, 37, 425, 351, 550, 
0, 431, 509, 68, 295, 478, 
0, 443, 672, 129, 33, 535, 
0, 753, 203, 379, 230, 707, 
0, 297, 448, 308, 775, 347, 175, 
0, 363, 54, 23, 733, 235, 376, 
0, 263, 569, 513, 242, 466, 272, 
0, 510, 559, 229, 633, 
0, 581, 226, 362, 677, 311, 211, 
0, 531, 453, 480, 441, 676, 
0, 738, 542, 477, 251, 
0, 388, 61, 88, 553, 743, 784, 
0, 725, 287, 265, 473, 653, 
0, 638, 595, 189, 313, 
0, 158, 59, 554, 304, 424, 