Solution: 145 206214

0, 291, 634, 230, 785, 222, 261, 
0, 181, 629, 82, 2, 681, 
0, 546, 322, 414, 576, 457, 
0, 442, 733, 240, 392, 707, 797, 
0, 514, 420, 112, 357, 167, 
0, 452, 200, 469, 640, 239, 476, 
0, 157, 596, 560, 655, 566, 
0, 174, 192, 582, 280, 732, 496, 600, 
0, 164, 24, 578, 411, 
0, 341, 613, 511, 462, 472, 22, 33, 
0, 731, 268, 12, 579, 139, 
0, 528, 777, 672, 604, 365, 554, 
0, 370, 752, 75, 286, 625, 533, 
0, 353, 17, 272, 592, 172, 710, 
0, 647, 675, 309, 501, 57, 130, 
0, 349, 372, 23, 461, 798, 471, 
0, 482, 58, 759, 747, 800, 544, 
0, 138, 169, 568, 410, 198, 126, 
0, 253, 500, 20, 614, 736, 
0, 451, 693, 69, 104, 391, 
0, 668, 750, 510, 627, 356, 
0, 761, 429, 610, 795, 99, 606, 
0, 219, 491, 279, 202, 714, 180, 176, 
0, 487, 534, 47, 665, 158, 758, 
0, 312, 680, 477, 251, 696, 15, 
0, 56, 85, 287, 683, 446, 724, 
0, 650, 447, 766, 27, 523, 382, 
0, 609, 360, 773, 775, 77, 
0, 48, 74, 195, 536, 439, 326, 
0, 587, 214, 297, 377, 435, 170, 
0, 770, 70, 412, 209, 193, 
0, 5, 409, 504, 371, 
0, 256, 177, 605, 617, 717, 
0, 216, 746, 645, 289, 486, 151, 
0, 421, 725, 573, 458, 786, 
0, 337, 393, 71, 569, 563, 
0, 419, 284, 156, 114, 682, 
0, 106, 654, 131, 473, 347, 301, 
0, 720, 712, 67, 588, 281, 
0, 110, 478, 319, 642, 10, 205, 
0, 136, 153, 674, 367, 715, 677, 
0, 772, 493, 556, 408, 348, 
0, 708, 764, 290, 285, 559, 376, 
0, 52, 394, 25, 593, 700, 
0, 526, 754, 89, 520, 143, 246, 
0, 676, 191, 788, 619, 93, 
0, 607, 49, 245, 346, 
0, 434, 427, 238, 212, 671, 44, 
0, 265, 190, 688, 585, 562, 
0, 495, 480, 252, 465, 653, 
0, 755, 379, 182, 620, 602, 
0, 598, 575, 507, 444, 3, 601, 
0, 799, 288, 305, 581, 320, 79, 
0, 38, 415, 119, 108, 13, 241, 
0, 413, 730, 532, 586, 50, 
0, 362, 673, 455, 278, 248, 120, 
0, 657, 387, 741, 390, 626, 
0, 516, 344, 701, 129, 359, 
0, 186, 594, 361, 221, 140, 403, 
0, 8, 184, 116, 132, 744, 553, 
0, 470, 463, 83, 551, 340, 
0, 124, 32, 426, 423, 525, 
0, 249, 505, 316, 529, 768, 
0, 743, 557, 621, 791, 400, 154, 
0, 213, 448, 218, 308, 55, 765, 
0, 54, 269, 771, 194, 535, 
0, 678, 188, 264, 233, 80, 
0, 242, 475, 4, 220, 
0, 489, 397, 328, 460, 134, 
0, 255, 781, 399, 300, 299, 229, 86, 
0, 183, 395, 539, 616, 404, 339, 
0, 76, 757, 547, 61, 437, 
0, 735, 467, 662, 698, 548, 
0, 664, 762, 351, 498, 223, 381, 
0, 449, 197, 117, 201, 506, 171, 
0, 436, 763, 236, 21, 635, 591, 
0, 327, 530, 778, 658, 784, 
0, 355, 125, 243, 385, 247, 422, 329, 
0, 796, 276, 542, 318, 643, 237, 
0, 260, 760, 608, 364, 81, 767, 
0, 53, 396, 494, 679, 
0, 228, 490, 424, 244, 718, 
0, 304, 333, 524, 729, 324, 453, 
0, 6, 1, 438, 513, 416, 
0, 543, 459, 149, 666, 515, 
0, 734, 622, 232, 310, 122, 91, 
0, 623, 282, 398, 199, 331, 
0, 150, 694, 68, 65, 728, 
0, 34, 42, 325, 405, 703, 
0, 204, 740, 95, 567, 46, 
0, 100, 257, 432, 40, 314, 
0, 756, 512, 474, 440, 545, 208, 
0, 302, 18, 9, 564, 401, 
0, 254, 338, 555, 189, 456, 508, 
0, 776, 62, 142, 295, 692, 
0, 774, 352, 780, 141, 603, 503, 
0, 165, 667, 537, 697, 583, 769, 
0, 175, 433, 350, 273, 266, 630, 
0, 722, 262, 518, 30, 105, 
0, 441, 445, 742, 711, 646, 270, 
0, 59, 644, 383, 121, 638, 
0, 227, 211, 60, 315, 615, 648, 
0, 737, 522, 354, 294, 550, 
0, 135, 28, 137, 425, 685, 
0, 721, 274, 632, 345, 570, 
0, 739, 224, 206, 748, 661, 
0, 659, 540, 127, 407, 263, 
0, 418, 689, 16, 323, 179, 
0, 745, 492, 590, 789, 363, 
0, 303, 618, 369, 92, 161, 
0, 417, 39, 794, 330, 628, 321, 
0, 706, 624, 611, 374, 259, 
0, 787, 35, 702, 636, 
0, 527, 386, 792, 84, 793, 317, 
0, 641, 599, 51, 90, 26, 
0, 97, 705, 373, 7, 155, 
0, 652, 343, 454, 402, 45, 751, 
0, 450, 63, 94, 187, 633, 
0, 133, 311, 159, 558, 72, 464, 
0, 215, 306, 580, 29, 538, 649, 
0, 144, 738, 691, 406, 358, 
0, 552, 368, 234, 14, 549, 483, 113, 
0, 250, 577, 572, 488, 639, 235, 
0, 380, 484, 430, 727, 210, 690, 296, 
0, 168, 275, 88, 541, 41, 499, 670, 
0, 699, 292, 485, 782, 335, 565, 
0, 687, 519, 612, 226, 166, 502, 
0, 790, 663, 466, 203, 723, 
0, 428, 102, 660, 118, 
0, 31, 561, 217, 148, 521, 378, 
0, 267, 713, 36, 103, 78, 443, 
0, 481, 147, 651, 162, 704, 37, 
0, 115, 185, 11, 571, 163, 517, 
0, 342, 749, 96, 66, 716, 631, 726, 
0, 375, 431, 145, 669, 
0, 293, 258, 384, 709, 207, 695, 597, 
0, 388, 574, 509, 101, 98, 307, 
0, 479, 366, 497, 298, 43, 146, 
0, 684, 196, 389, 656, 753, 
0, 468, 719, 589, 779, 336, 173, 
0, 178, 332, 73, 637, 87, 313, 
0, 334, 686, 111, 19, 531, 283, 
0, 123, 64, 152, 107, 
0, 160, 109, 595, 783, 271, 
0, 277, 128, 225, 584, 231, 