Solution: 150 210213

0, 730, 271, 680, 156, 
0, 533, 50, 777, 359, 564, 313, 
0, 566, 349, 621, 674, 618, 
0, 162, 68, 429, 346, 714, 
0, 259, 177, 556, 554, 746, 15, 
0, 355, 96, 411, 720, 
0, 340, 448, 306, 389, 548, 212, 
0, 52, 410, 219, 93, 89, 112, 
0, 457, 79, 312, 705, 211, 
0, 106, 191, 636, 117, 624, 
0, 9, 189, 536, 127, 691, 
0, 221, 171, 657, 578, 308, 
0, 252, 755, 148, 474, 
0, 496, 708, 502, 124, 266, 684, 
0, 646, 352, 18, 602, 797, 
0, 345, 384, 523, 26, 726, 422, 
0, 254, 61, 372, 444, 291, 
0, 522, 88, 405, 64, 713, 
0, 62, 543, 479, 630, 245, 
0, 459, 200, 203, 67, 307, 727, 
0, 743, 279, 693, 311, 686, 606, 
0, 376, 666, 338, 622, 664, 463, 
0, 710, 500, 153, 59, 119, 
0, 455, 288, 128, 151, 524, 
0, 168, 660, 540, 22, 800, 547, 
0, 737, 362, 138, 310, 677, 33, 
0, 588, 486, 544, 632, 242, 
0, 350, 413, 416, 407, 
0, 220, 760, 645, 780, 662, 623, 
0, 130, 137, 238, 739, 229, 264, 
0, 281, 60, 246, 234, 653, 
0, 38, 433, 771, 110, 4, 334, 
0, 174, 611, 581, 206, 
0, 766, 485, 16, 11, 209, 
0, 505, 193, 626, 633, 
0, 53, 73, 183, 329, 453, 330, 
0, 224, 412, 542, 324, 642, 207, 
0, 34, 44, 240, 663, 530, 
0, 170, 231, 29, 583, 
0, 374, 27, 404, 503, 336, 
0, 185, 123, 515, 197, 155, 
0, 388, 446, 141, 276, 690, 
0, 491, 56, 235, 683, 165, 
0, 120, 538, 48, 658, 160, 305, 
0, 792, 655, 476, 731, 783, 706, 
0, 482, 614, 593, 722, 462, 365, 
0, 461, 105, 69, 570, 439, 51, 
0, 399, 223, 678, 364, 643, 437, 
0, 789, 631, 700, 591, 
0, 102, 427, 527, 31, 417, 
0, 504, 14, 458, 647, 134, 
0, 529, 639, 213, 147, 725, 344, 
0, 545, 270, 278, 320, 309, 
0, 226, 440, 688, 589, 597, 30, 
0, 681, 765, 295, 567, 418, 
0, 114, 258, 145, 24, 
0, 84, 181, 425, 454, 237, 
0, 758, 74, 498, 464, 232, 752, 
0, 436, 390, 58, 423, 635, 
0, 357, 316, 178, 579, 214, 91, 
0, 747, 759, 791, 3, 95, 83, 
0, 100, 198, 488, 471, 798, 379, 
0, 497, 652, 682, 378, 109, 
0, 49, 272, 251, 158, 495, 
0, 256, 753, 694, 620, 627, 
0, 253, 327, 580, 466, 551, 
0, 531, 401, 420, 294, 637, 
0, 539, 740, 20, 184, 331, 724, 
0, 756, 243, 550, 387, 262, 
0, 773, 25, 133, 781, 380, 
0, 314, 260, 319, 510, 794, 513, 512, 
0, 394, 493, 445, 481, 116, 273, 
0, 167, 19, 80, 711, 492, 103, 
0, 517, 173, 587, 361, 300, 
0, 140, 366, 526, 358, 
0, 608, 373, 609, 201, 
0, 761, 671, 318, 616, 301, 767, 
0, 247, 607, 85, 227, 
0, 208, 749, 685, 87, 21, 
0, 735, 477, 447, 562, 415, 244, 
0, 443, 94, 790, 32, 275, 
0, 718, 775, 665, 43, 689, 594, 
0, 552, 202, 149, 90, 176, 487, 
0, 150, 490, 236, 195, 2, 241, 
0, 296, 634, 442, 369, 573, 
0, 383, 293, 430, 575, 629, 297, 139, 
0, 250, 452, 520, 508, 230, 395, 
0, 204, 101, 586, 750, 582, 769, 
0, 640, 667, 793, 75, 78, 55, 
0, 263, 217, 592, 695, 182, 
0, 332, 742, 393, 424, 371, 
0, 131, 210, 654, 569, 549, 599, 
0, 656, 763, 441, 239, 41, 144, 
0, 322, 216, 784, 71, 605, 
0, 382, 501, 557, 679, 347, 368, 
0, 5, 561, 164, 701, 432, 
0, 489, 506, 46, 419, 480, 
0, 757, 392, 625, 304, 572, 
0, 434, 161, 560, 36, 283, 194, 
0, 142, 532, 774, 615, 
0, 661, 729, 108, 565, 786, 
0, 762, 286, 132, 228, 136, 
0, 650, 192, 585, 782, 601, 
0, 363, 732, 249, 484, 703, 584, 
0, 596, 179, 673, 628, 768, 
0, 129, 72, 507, 45, 528, 
0, 449, 795, 42, 335, 143, 
0, 190, 687, 97, 76, 408, 
0, 546, 469, 659, 35, 222, 
0, 261, 299, 435, 396, 118, 
0, 166, 776, 698, 302, 285, 
0, 154, 494, 370, 473, 483, 754, 
0, 704, 113, 135, 17, 535, 287, 
0, 386, 460, 86, 675, 456, 516, 
0, 180, 337, 70, 233, 409, 169, 555, 
0, 187, 613, 604, 1, 672, 
0, 668, 467, 414, 612, 115, 
0, 577, 764, 553, 81, 738, 
0, 745, 559, 519, 617, 736, 
0, 274, 603, 778, 521, 788, 
0, 676, 199, 406, 649, 354, 748, 
0, 321, 426, 39, 348, 339, 669, 
0, 152, 509, 282, 728, 328, 719, 
0, 644, 57, 12, 590, 697, 
0, 54, 77, 465, 13, 
0, 188, 375, 37, 541, 741, 196, 
0, 696, 298, 558, 400, 341, 431, 
0, 692, 10, 610, 381, 699, 712, 
0, 595, 303, 99, 397, 47, 537, 
0, 796, 280, 111, 215, 787, 
0, 717, 709, 65, 6, 
0, 670, 351, 734, 514, 268, 
0, 107, 511, 367, 125, 
0, 225, 289, 126, 23, 98, 770, 
0, 269, 641, 277, 66, 63, 450, 
0, 721, 265, 638, 104, 
0, 598, 40, 600, 7, 323, 
0, 772, 92, 475, 292, 360, 
0, 733, 576, 326, 122, 402, 
0, 723, 744, 707, 157, 248, 
0, 403, 799, 325, 534, 391, 421, 
0, 257, 343, 518, 651, 468, 
0, 159, 472, 267, 82, 163, 
0, 478, 715, 398, 779, 342, 172, 
0, 218, 333, 175, 255, 470, 146, 
0, 499, 284, 205, 186, 785, 568, 
0, 716, 28, 121, 290, 8, 317, 
0, 315, 353, 563, 648, 428, 
0, 438, 619, 574, 451, 377, 
0, 751, 702, 385, 356, 525, 571, 