Solution: 145 203971

0, 404, 722, 591, 782, 343, 770, 
0, 695, 652, 20, 329, 297, 
0, 452, 796, 47, 337, 131, 398, 
0, 6, 314, 126, 516, 94, 42, 
0, 168, 74, 620, 745, 426, 
0, 686, 412, 666, 
0, 36, 756, 586, 243, 547, 
0, 153, 513, 528, 69, 165, 
0, 392, 108, 14, 263, 555, 347, 
0, 143, 265, 671, 630, 5, 604, 
0, 315, 511, 290, 726, 
0, 160, 538, 781, 668, 473, 376, 
0, 763, 432, 45, 564, 421, 798, 
0, 548, 474, 161, 674, 328, 
0, 7, 25, 268, 585, 773, 
0, 162, 698, 375, 593, 601, 37, 
0, 391, 463, 299, 284, 602, 187, 
0, 439, 281, 634, 645, 196, 729, 
0, 295, 546, 557, 221, 15, 363, 
0, 100, 709, 390, 358, 449, 
0, 340, 35, 626, 447, 52, 80, 
0, 276, 613, 646, 56, 334, 
0, 141, 79, 349, 76, 50, 152, 
0, 462, 203, 285, 21, 71, 68, 407, 
0, 230, 370, 672, 213, 728, 754, 
0, 535, 490, 93, 31, 774, 
0, 192, 655, 381, 323, 155, 345, 
0, 676, 757, 73, 89, 309, 
0, 603, 730, 23, 417, 156, 
0, 262, 744, 28, 188, 333, 399, 
0, 776, 77, 264, 560, 540, 
0, 369, 577, 149, 614, 510, 524, 
0, 669, 210, 16, 190, 30, 491, 
0, 765, 731, 658, 584, 214, 742, 84, 
0, 227, 545, 489, 553, 496, 118, 
0, 321, 786, 90, 649, 638, 
0, 464, 120, 75, 571, 443, 789, 
0, 434, 734, 588, 752, 558, 
0, 287, 422, 701, 311, 573, 467, 
0, 501, 761, 92, 581, 437, 
0, 767, 296, 578, 78, 639, 592, 
0, 769, 520, 431, 244, 445, 46, 
0, 442, 629, 576, 472, 792, 
0, 723, 718, 70, 590, 
0, 127, 312, 575, 499, 643, 
0, 727, 198, 596, 273, 112, 
0, 272, 224, 469, 685, 459, 733, 
0, 142, 242, 743, 790, 233, 687, 549, 
0, 386, 503, 562, 430, 348, 373, 
0, 132, 541, 534, 282, 394, 
0, 741, 99, 720, 8, 
0, 748, 481, 521, 624, 134, 740, 
0, 582, 406, 119, 166, 498, 336, 
0, 260, 517, 228, 640, 433, 
0, 778, 32, 777, 133, 175, 408, 
0, 66, 717, 482, 135, 429, 274, 
0, 610, 55, 615, 784, 605, 
0, 236, 738, 249, 446, 361, 39, 
0, 692, 525, 301, 568, 259, 559, 
0, 662, 460, 13, 129, 594, 703, 
0, 117, 226, 570, 322, 
0, 508, 569, 109, 82, 96, 
0, 270, 401, 379, 400, 200, 642, 
0, 267, 184, 97, 111, 631, 154, 
0, 54, 106, 654, 124, 123, 
0, 362, 495, 229, 783, 171, 
0, 283, 339, 183, 678, 38, 199, 
0, 724, 416, 225, 107, 101, 383, 
0, 739, 612, 62, 623, 413, 
0, 589, 186, 507, 310, 550, 220, 
0, 711, 657, 616, 795, 466, 
0, 444, 122, 72, 308, 788, 787, 
0, 751, 181, 415, 231, 138, 
0, 103, 269, 320, 512, 91, 325, 
0, 387, 300, 435, 579, 302, 471, 
0, 388, 185, 191, 797, 125, 688, 
0, 762, 395, 529, 360, 48, 699, 597, 
0, 365, 389, 403, 319, 677, 
0, 522, 441, 116, 423, 237, 
0, 266, 344, 561, 201, 470, 18, 
0, 397, 497, 450, 485, 128, 684, 
0, 500, 419, 335, 298, 458, 
0, 215, 664, 139, 326, 377, 
0, 180, 476, 275, 95, 169, 
0, 239, 140, 63, 427, 619, 660, 
0, 448, 793, 637, 382, 86, 771, 
0, 279, 179, 552, 794, 454, 
0, 372, 83, 479, 88, 721, 
0, 567, 351, 53, 673, 167, 764, 
0, 146, 204, 22, 705, 10, 317, 
0, 753, 502, 492, 330, 633, 
0, 58, 418, 420, 504, 2, 
0, 409, 136, 251, 238, 670, 
0, 207, 384, 663, 170, 574, 
0, 40, 49, 245, 331, 456, 533, 
0, 532, 157, 583, 653, 105, 
0, 324, 461, 543, 710, 800, 341, 
0, 627, 293, 144, 232, 254, 
0, 197, 208, 355, 465, 368, 
0, 174, 675, 194, 702, 635, 732, 
0, 350, 618, 480, 736, 785, 760, 
0, 758, 193, 539, 318, 304, 
0, 346, 87, 609, 3, 621, 683, 
0, 749, 286, 636, 714, 572, 
0, 494, 509, 689, 661, 294, 
0, 735, 628, 280, 641, 307, 
0, 182, 493, 327, 374, 708, 438, 
0, 580, 65, 241, 130, 4, 
0, 212, 451, 393, 453, 366, 60, 
0, 261, 246, 211, 17, 177, 277, 
0, 713, 768, 468, 271, 51, 248, 
0, 176, 791, 600, 410, 102, 697, 611, 
0, 599, 436, 424, 222, 163, 659, 
0, 195, 34, 41, 209, 338, 
0, 289, 64, 306, 665, 
0, 256, 455, 622, 367, 234, 440, 
0, 359, 67, 632, 164, 114, 
0, 706, 595, 647, 682, 
0, 457, 750, 716, 159, 527, 425, 
0, 607, 488, 98, 625, 523, 
0, 766, 690, 1, 278, 531, 
0, 151, 145, 255, 487, 712, 587, 
0, 121, 356, 371, 137, 378, 
0, 57, 737, 518, 240, 219, 
0, 150, 380, 475, 799, 19, 247, 
0, 59, 598, 775, 542, 332, 707, 
0, 700, 11, 617, 606, 514, 
0, 680, 206, 202, 694, 566, 
0, 505, 691, 218, 43, 291, 484, 
0, 288, 755, 651, 205, 258, 250, 
0, 747, 235, 217, 148, 772, 
0, 189, 759, 253, 402, 24, 147, 
0, 316, 354, 563, 342, 178, 85, 
0, 483, 44, 33, 544, 696, 
0, 667, 27, 104, 478, 405, 715, 
0, 656, 9, 252, 414, 515, 61, 
0, 115, 650, 353, 648, 12, 216, 
0, 537, 780, 679, 608, 
0, 556, 303, 158, 644, 719, 526, 257, 
0, 486, 681, 385, 292, 
0, 113, 746, 396, 428, 551, 29, 
0, 357, 110, 530, 223, 364, 725, 
0, 173, 352, 519, 477, 506, 26, 
0, 536, 693, 779, 565, 81, 313, 
0, 172, 704, 411, 305, 554, 